190327148020428152
190455580336834100
190483599333716944
190578181947209204
190578170424341480
190675444617000464
190678024231468772
190653035169826888
190683868151858688
190757917206333628
190766634999178080
190735162023377136
190706652124328704
190849361322091932
190810605041921428
190818591632008112
190837959490969732
190849122425213724
190929983549565540
190926439204185852
190915187651299348
190904081362972452
190915982976542696
190936586541164716
190907414698418924
190969668247244348
190916193813621000
191026639877447296
191052590665340336
191012573631548364
191070016585041288
191018388435349180
191081301010131088
191013339246895344
191038435972552720
191078174930808276
191028066255342760
191020659439283060
191032275205493368
191001994715965168
191041488645263212
191057997960522992
191129453047836460
191155299154482392
191123737718637924
191178083894747404
191135456154741488
191147025120782200
191141471939839452
191129722859544684
191120846663927476
191178313617370136
191154910368915704
191123737311797916
191266620266881184
191201910496822868
191209659406065904
191252336676575328
191236349473627480
191213414679579044
191204060387740656
191204577877299108
191267104922771716
191243772265604744